0.00628 -0.00128 0.00136 0.00125 0.00993 0.00208 -0.00151 0.02764 0.00191 -0.03644 -0.05531 0.00976 0.00519 0.00011 0.01637 0.01476 0.01588 0.00731 0.00244 0.03296 0.00234 0.01026 0.00158 -0.00852 0.00275 0.03951 -0.00324 -0.00173 0.00267 0.00196 0.00116 0.00127 0.00080 0.00415 0.00263 0.00080 0.00365 0.00490
0.44271 -0.00011 0.32253 0.02944 0.04957 0.03293 0.01772 0.35096 0.03195 -0.54149 -0.01688 0.10580 0.10683 0.02643 0.04314 0.12559 0.03945 -0.25395 0.01786 0.06446 0.01930 0.02617 0.02598 -0.00926 0.10318 0.09008 0.05747 0.04808 0.02861 0.02957 0.05674 0.00809 0.07198 -0.04828 0.07427 0.05325 0.05344 0.03092
0.09907 0.00101 0.00776 0.00289 0.05342 0.00150 0.00748 0.03322 0.00151 -0.02587 -0.06616 0.00172 0.00388 -0.00071 0.00935 -0.00413 0.00249 0.02161 -0.00655 -0.00964 0.00396 -0.02568 0.00062 -0.00585 0.00597 0.00001 0.00382 0.00555 0.00049 0.00247 0.00086 0.00485 -0.00178 -0.00061 0.00210 0.00132 -0.00040 0.00345
0.06490 0.04385 0.02573 -0.00007 -0.12470 0.02398 0.26156 -0.58726 0.02425 2.97048 3.97143 0.00321 0.03438 0.02877 0.07647 -0.00075 0.01054 -0.00795 0.09058 -0.15681 0.01496 0.06498 0.03694 0.08626 -0.20966 -0.08225 0.03281 0.03434 0.03392 0.03753 0.05228 0.05489 0.05452 0.04219 0.04615 0.03699 0.05669 0.04557
0.00118 0.00060 0.02962 0.00582 0.00861 0.00031 0.00257 -0.30962 0.00081 0.35073 -0.39317 -0.00389 -0.00156 0.00032 0.01067 0.00185 -0.00290 0.00909 -0.00405 0.01238 0.00178 -0.00097 0.00071 0.00017 0.00515 0.00696 0.00155 0.00025 -0.00041 0.00049 0.00024 0.00058 -0.00109 0.00023 -0.00007 0.00080 0.00072 -0.00021
0.46354 0.08970 0.25206 0.05277 0.09680 -0.00005 0.12828 0.38911 0.06979 -0.00665 -0.07828 0.14166 0.06708 0.07382 0.03665 0.06197 0.06126 0.07331 0.08541 0.12360 0.06320 0.06405 0.07069 -0.01935 -0.04399 -0.05140 0.07381 0.07466 0.07419 0.07139 0.11669 0.10096 0.10109 0.10066 0.10250 0.09177 0.11260 0.10117
-0.01246 0.06436 0.28399 0.03809 -1.21835 0.02921 0.00014 -9.22112 0.02051 11.57907 -2.62547 0.09714 0.05607 0.03985 -0.04688 -0.01727 0.05431 0.00998 -0.07395 0.14365 0.08813 0.07897 0.03915 -0.08382 -0.02102 -0.01546 0.03147 0.03560 0.03247 0.02141 0.04834 0.04817 0.05888 0.05614 0.06017 0.04072 0.04814 0.07351
-0.01178 0.00027 -0.00124 0.00082 -0.21167 0.00031 -0.00055 0.00909 0.00076 0.17153 0.17729 0.00274 0.00044 0.00035 0.00252 0.00651 0.00555 -0.00108 -0.00092 -0.00502 0.00245 -0.00630 0.00016 -0.00277 -0.00916 -0.00065 0.00143 0.00136 0.00043 0.00155 0.00081 0.00155 0.00101 0.00157 0.00145 0.00065 0.00144 0.00093
0.40563 0.08375 0.24583 0.05906 0.22806 0.06637 0.13954 0.60828 -0.00006 0.34547 0.12239 0.13560 0.06146 0.07015 0.03316 0.06696 0.05995 0.06641 0.08373 0.08841 0.05950 0.05303 0.06545 -0.02207 -0.06076 -0.06072 0.07096 0.07100 0.07062 0.06867 0.11147 0.09915 0.09552 0.09662 0.09761 0.08696 0.10944 0.09351
-0.02716 -0.00475 0.01602 0.00627 1.13342 0.00091 0.00175 0.64098 0.00203 0.00186 0.97448 -0.00591 -0.00021 -0.00155 -0.01345 -0.00089 0.00027 -0.01055 -0.00133 -0.02547 -0.00365 0.00710 -0.00321 -0.00280 -0.00165 -0.00021 -0.00302 -0.00146 -0.00197 -0.00250 -0.00375 -0.00292 -0.00343 -0.00288 -0.00328 -0.00278 -0.00348 -0.00209
-0.02425 -0.00038 -0.01431 0.00348 -0.19112 0.00001 0.00068 0.07554 0.00045 0.15444 0.01894 -0.00014 -0.00047 0.00012 -0.00347 0.00332 0.00086 0.00142 -0.00170 -0.00291 0.00169 -0.00891 0.00050 0.00053 -0.00055 -0.00213 0.00029 -0.00104 -0.00034 -0.00012 -0.00032 0.00029 0.00036 0.00080 0.00076 0.00060 0.00003 -0.00029
0.59990 0.01870 0.15750 0.00618 -0.14853 0.01345 0.00054 0.26325 0.01335 -0.24240 0.00581 0.00020 -0.05444 0.01094 0.04868 0.04544 0.02717 0.02837 0.02943 0.07939 0.02452 0.06541 0.01814 -0.03325 -0.02979 -0.03978 0.01702 0.01950 0.00949 0.01427 0.02235 0.01959 0.02154 0.01709 0.01596 0.02036 0.02325 0.01763
0.64509 0.08398 0.37248 0.02360 -0.06398 0.02056 0.03458 0.27406 0.01968 -0.19184 -0.01563 -0.32681 0.00040 0.02614 0.07994 0.04297 -0.03632 0.01600 -0.00374 0.15979 0.03838 0.05819 0.01966 -0.04946 0.13077 0.10646 0.04428 0.01727 0.01967 0.03205 0.00833 0.02611 0.03931 0.02190 0.03848 0.03577 0.04914 0.02337
0.31573 0.05614 0.05019 0.05164 0.11219 0.05873 0.06668 0.52755 0.05863 -0.55377 0.20384 0.10413 0.07259 0.00001 -0.03190 -0.11396 0.05013 0.12344 0.01949 -0.26612 0.12954 0.17917 0.07726 -0.13414 -0.10291 -0.02106 0.04968 0.06706 0.06226 0.06368 0.07899 0.09579 0.07637 0.08201 0.07762 0.07837 0.12432 0.09428
0.19722 0.00199 -0.00506 0.00130 0.10348 0.00138 -0.01018 0.03177 0.00114 -0.03090 -0.12181 0.01539 0.00729 -0.00112 0.00449 0.08112 0.04268 -0.02134 0.00787 -0.00251 -0.00396 0.04022 0.00322 -0.01117 -0.03287 -0.00300 0.00047 0.00152 -0.00008 0.00351 -0.00173 0.00306 0.00301 -0.00019 0.00125 0.00556 0.00159 0.00046
0.27431 0.01225 -0.04920 0.00183 0.03896 0.00293 -0.00325 0.19046 0.00316 -0.01344 0.08294 0.02049 0.00486 -0.00635 0.11763 -0.00014 0.04218 -0.05869 -0.00273 0.14517 -0.00769 0.03021 0.00074 0.00366 -0.01798 0.03328 0.00586 0.00418 0.00251 -0.00024 0.00325 0.00957 0.00090 -0.00197 0.00437 0.00620 0.00362 0.00495
0.80179 0.00903 0.01896 0.00320 -0.24603 0.00822 -0.00257 0.48381 0.00802 -0.10190 0.04078 0.03324 -0.01809 0.00441 0.22142 0.15061 -0.00035 -0.07803 0.04606 0.02770 -0.02810 0.04040 0.01643 -0.00899 -0.03049 0.01230 0.01786 0.00739 0.00372 0.00784 0.02218 0.01391 0.01246 0.01506 0.01215 -0.00262 0.00923 0.01058
0.32675 -0.05842 0.55118 -0.00584 0.44519 0.00823 -0.00660 0.00465 0.00752 -0.23663 0.06179 0.02647 0.00480 0.01411 -0.07381 -0.17601 -0.05897 0.00023 0.12108 -0.10957 0.05813 0.13961 0.02117 0.00721 -0.05122 -0.00306 0.01741 0.01658 0.00732 0.01192 0.01682 0.02261 -0.00780 0.01761 0.01010 0.00444 0.00488 0.01072
0.36488 0.00082 -0.09728 0.01514 -0.14832 0.00982 -0.03014 0.04659 0.00963 -0.11251 -0.08968 0.02567 -0.00135 0.00033 0.04108 -0.00462 0.04091 0.11594 -0.00027 -0.01414 0.00774 -0.08374 0.02151 0.08722 0.08658 -0.15568 0.02174 0.00838 0.01592 0.00947 0.01804 0.01484 0.01349 0.01273 0.00889 0.01442 0.01295 0.01567
0.28630 0.00223 -0.05945 -0.00638 0.11950 0.00262 -0.00109 -0.03274 0.00208 -0.08153 -0.06608 0.01345 0.00868 -0.00577 -0.00540 0.06396 0.00479 -0.01640 -0.00319 0.00316 -0.01814 0.07454 0.00347 0.01559 -0.00102 -0.00755 0.00021 0.00348 0.00080 0.00021 0.00328 0.00489 0.00455 0.00155 0.00357 0.00345 0.00353 0.00203
0.24578 0.00875 0.12755 0.01034 0.15422 0.01645 0.03572 0.34632 0.01627 -0.34583 0.30293 0.05874 0.02892 0.03278 -0.00407 -0.04875 -0.04970 0.14932 0.00505 -0.31272 -0.00028 0.05458 0.00958 0.01665 0.04022 -0.01391 -0.00425 0.02387 0.01420 0.01008 0.01740 0.02818 0.01001 0.01892 0.01596 0.02618 0.03893 0.03372
0.10419 0.00019 -0.13442 0.00357 0.01411 0.00162 0.00868 -0.06505 0.00142 0.00476 -0.18299 0.01339 0.00324 0.00434 0.03198 0.01544 0.00721 0.02623 -0.01759 0.08612 0.00548 0.00029 -0.00039 0.03024 0.04915 -0.02686 0.00122 -0.00223 0.00350 -0.00153 -0.00075 -0.00260 0.00406 0.00009 0.00430 0.00413 0.00137 0.00206
0.58706 0.03679 0.26004 0.02916 0.06751 0.03562 -0.00104 0.37138 0.03302 -0.60007 0.13456 0.16230 0.03885 0.04820 0.05776 0.02252 0.08538 0.12799 0.13268 0.13550 0.01575 0.00918 -0.00010 0.03525 0.01878 -0.06375 0.04679 0.03389 0.03428 0.03549 0.07354 0.04744 0.06129 0.06784 0.05137 0.04768 0.06801 0.04719
-0.03806 -0.00114 -0.02671 0.00216 -0.00071 -0.00005 -0.00562 0.00965 -0.00010 -0.00522 0.00629 -0.00839 -0.00221 -0.00305 -0.01117 0.00451 0.00274 0.00408 0.01820 0.01852 0.00176 0.02966 0.00131 0.00328 0.04434 0.07337 0.01241 0.00092 -0.00259 0.00346 0.00159 -0.00007 0.00105 -0.00156 -0.00149 0.00187 -0.00032 -0.00333
0.00877 0.00445 0.00613 -0.00541 0.01716 -0.00054 -0.00078 -0.07388 -0.00089 -0.00441 -0.00296 -0.00553 0.00688 -0.00202 -0.01155 -0.00642 -0.00280 -0.00587 0.01398 0.00359 0.00415 0.03877 0.00029 0.03937 0.00145 0.05944 0.01075 -0.00086 0.00306 -0.00152 -0.00013 0.00068 0.00281 -0.00247 -0.00164 -0.00280 -0.00364 -0.00304
0.23683 0.00470 0.00603 -0.00398 0.05815 -0.00147 0.00141 -0.04110 -0.00173 0.02174 -0.03270 -0.00682 0.00518 -0.00042 0.00732 0.00811 0.00033 0.00002 -0.02442 -0.00881 0.00217 -0.02149 -0.00253 0.05424 0.05690 -0.00173 0.01158 0.00737 0.00761 0.00455 -0.00394 -0.00211 -0.00373 -0.00199 -0.00081 -0.00316 -0.00088 -0.00286
-0.06535 0.07783 0.47496 0.03354 0.23395 0.04262 0.00980 0.67043 0.04285 -0.64575 0.01818 0.09185 0.07838 0.02825 0.02483 0.07792 0.06997 0.08355 0.10599 0.01637 -0.00380 0.03881 0.04271 0.37763 0.36142 0.47694 0.00010 0.00467 -0.00429 0.01233 0.08170 0.07162 0.06704 0.05903 0.05707 0.05555 0.06339 0.03815
0.01554 0.07867 0.83654 0.04495 0.17627 0.04706 0.05089 0.63076 0.04753 -0.33757 -0.26665 0.11310 0.02861 0.04919 0.01606 0.06478 0.03625 0.09424 0.03612 0.09914 0.05728 -0.08604 0.03931 -0.01228 -0.10644 0.23550 -0.00056 0.00018 0.02361 0.01756 0.06554 0.11081 0.05928 0.05138 0.05211 0.06156 0.07673 0.06383
0.50210 0.05402 0.06512 0.06090 -0.09223 0.05904 0.02609 0.52445 0.05968 -0.57619 -0.04875 0.06776 0.04165 0.06094 0.01610 0.06936 0.03448 0.06159 0.11937 0.05536 0.04549 0.08904 0.06051 -0.18671 2.11187 0.81421 -0.01216 0.03026 0.00019 0.04858 0.09642 0.07762 0.09641 0.08975 0.08430 0.08039 0.09938 0.08415
0.41709 0.05723 0.30847 0.05554 0.11595 0.05774 0.00853 0.80814 0.05828 -0.67379 -0.00035 0.10165 0.08402 0.06520 0.08213 -0.01153 0.04565 0.08702 0.04303 -0.03026 0.02996 -0.09974 0.05418 1.79815 -0.15315 0.15345 0.00609 0.01923 0.05154 0.00015 0.08305 0.08700 0.08008 0.09989 0.07466 0.07663 0.09491 0.08115
0.39440 0.07832 0.24659 0.05618 0.13630 0.05746 0.00684 0.58542 0.05882 -1.08405 -0.11139 0.17812 0.00844 0.04877 -0.03851 0.05156 0.11580 0.10515 0.11272 0.11520 0.04129 -0.01107 0.06922 0.06630 0.01867 -0.08900 0.09278 0.06018 0.06229 0.05916 -0.00001 -0.00154 0.00855 0.02860 0.01675 0.03508 -0.02073 0.00992
0.15970 0.00322 1.57416 0.06070 0.07323 0.05021 0.03252 0.67503 0.05193 -0.53424 0.06964 0.12248 0.04138 0.06140 0.05721 0.17650 0.06414 0.17483 0.08742 0.17031 0.06348 -0.08335 0.05468 -0.00966 0.00120 -0.04967 0.07093 0.10019 0.04975 0.05561 -0.01916 0.00008 0.01055 0.00931 -0.00169 0.01384 -0.03678 -0.01892
0.35995 0.22502 -0.09342 0.07174 -0.23250 0.06181 0.03557 0.60653 0.06306 -0.99817 0.25620 0.17020 0.09091 0.06156 0.06316 0.00562 0.07453 -0.05957 0.09094 0.16270 0.02728 0.15848 0.07919 0.01597 0.12435 -0.11663 0.08794 0.06320 0.08035 0.06664 0.00695 0.02700 0.00013 0.05205 0.01213 0.03229 -0.00822 0.02650
1.08042 -0.09143 0.01379 0.05119 -0.15910 0.05812 0.02548 0.84831 0.05824 -0.85243 0.16547 0.14203 0.04020 0.05980 0.00086 -0.05874 0.07406 0.19425 0.09142 0.06687 0.05268 0.02751 0.07294 -0.05469 -0.09890 -0.05777 0.05869 0.04927 0.06559 0.07316 0.02853 0.02019 0.04483 -0.00028 0.04219 0.05086 0.00765 0.01989
0.49635 0.16325 0.27587 0.05630 0.01704 0.05945 0.03473 0.64611 0.06033 -0.93952 0.30095 0.09556 0.09509 0.05477 0.04065 0.06948 0.05818 0.05305 0.03465 0.15277 0.04382 0.17503 0.06644 -0.02251 -0.06271 -0.01083 0.06827 0.05055 0.06081 0.05698 0.01422 0.01392 0.01081 0.04471 -0.00009 0.03805 -0.00948 0.01586
0.30550 0.11786 0.26324 0.05345 0.19380 0.06909 0.04537 0.43199 0.07083 -0.89370 0.14741 0.18046 0.10368 0.07610 0.13821 0.11075 -0.01694 0.03196 0.09682 0.11218 0.09536 0.18590 0.06980 0.07177 -0.14424 -0.08362 0.07651 0.08234 0.07434 0.07730 0.04587 0.03953 0.04586 0.06110 0.04852 -0.00010 0.02654 0.04778
0.67624 0.07450 0.00283 0.05789 0.25310 0.05317 0.03347 0.67197 0.05443 -0.61853 0.14686 0.14791 0.09194 0.06747 0.03625 0.05611 0.04820 0.01943 0.05819 0.09624 0.09106 0.02236 0.06533 -0.01255 -0.11534 0.02348 0.05917 0.05939 0.05674 0.05900 -0.03015 -0.03011 -0.02101 0.00477 -0.01602 0.00595 -0.00007 -0.02495
0.94317 0.04109 0.41217 0.03926 -0.06581 0.04827 0.08729 0.51375 0.04685 -0.51603 -0.16497 0.12777 0.04026 0.06260 0.01580 0.09189 0.07632 0.07122 0.12019 0.04714 0.08977 0.05534 0.05806 -0.17021 -0.10745 -0.08429 0.03175 0.05213 0.05406 0.04747 -0.00380 -0.02137 0.00561 0.01006 0.00289 0.01777 -0.03163 -0.00015
